   0.00000000000000000001
   0.00000000000000000001
   0.00000000000000000001
   0.00000000000000000001
   0.00000000000000000001
   0.00000000000000000001
   0.00000000000000000001
   0.00000000000000000001
   0.00000000000000000024
   0.00000000000067859507
   0.00000000146649056342
   0.00000139870404382203
   0.00005579097534587604
   0.00164432326547628857
   0.03058576183536826018
   0.10435110000000000219
   0.33656155692848782612
   0.44289460000000002715
   0.69236929999999996532
   0.83318280000000000118
   0.90921479999999998967
   0.95024189999999997269
   0.97255820000000003933
   0.98479499999999997595
   0.99154699999999995619
   0.99528899999999997927
