0.00000000000000000001
0.00000000000000000001
0.00000000000000000001
0.00000000000000000001
0.00000000000000000001
0.00000000000000000001
0.00000000000000000001
0.00000000000000000001
0.00000000000000000024
0.00000000000010500000
0.00000000147000000000
0.00000139000000000000
0.00005230000000000000
0.00164999999999999999
0.03049999999999999933
0.10399999999999999523
0.33700000000000002176
0.44300000000000000488
0.69199999999999994849
0.83299999999999996270
0.90900000000000003020
0.94999999999999995559
0.97299999999999997602
0.98499999999999998668
0.99199999999999999289
0.99499999999999999556
